<?xml version="1.0"?>
<opencv_storage>
<intrinsics type_id="opencv-matrix">
  <rows>3</rows>
  <cols>3</cols>
  <dt>d</dt>
  <data>
    3.3335242251259638e+02 0. 3.2091019950216889e+02 0.
    3.3276717530096187e+02 2.3795250875112799e+02 0. 0. 1.</data></intrinsics>
</opencv_storage>
