<?xml version="1.0"?>
<opencv_storage>
<intrinsics type_id="opencv-matrix">
  <rows>3</rows>
  <cols>3</cols>
  <dt>d</dt>
  <data>
    4.0451794862482848e+02 0. 2.5911550621531376e+02 0.
    3.8290594508529239e+02 1.4916562287488614e+02 0. 0. 1.</data></intrinsics>
</opencv_storage>
